Topic 0 ,Topic 1 ,Topic 2 ,Topic 3 ,Topic 4 
0.9610420684270294,0.009910941088139133,0.009754362809737505,0.009695732459618123,0.009596895215475756
0.9420925556698294,0.014747239744968178,0.014464609344897962,0.014359930394460358,0.014335664845844235
0.2977814657227517,0.010672896955886142,0.6702381183344429,0.010664602461122897,0.010642916525796138
0.6575127420931631,0.13176223847189475,0.17951373380786767,0.015666771491948433,0.015544514135125823
0.3366712873635215,0.48270859223238205,0.012078999676209191,0.01195143891894257,0.15658968180894461
0.8251560166083494,0.01209468603439802,0.1390388358493843,0.011890377278001444,0.011820084229866794
0.6050099743105211,0.010811270134790931,0.3626838641047506,0.010723027532226894,0.010771863917710603
0.2174926168201363,0.7589493644375499,0.00787180983636176,0.007821606613789417,0.00786460229216259
0.18415148676807272,0.7880847364979258,0.009230683393334818,0.00917847112711725,0.009354622213549319
0.3929139733511545,0.4865837780301638,0.006429566974433837,0.006339174206952783,0.10773350743729489
0.9454839059085839,0.013892847045599387,0.013710278768407547,0.013479643525435537,0.013433324751973681
0.6350851127552088,0.33104372234247686,0.01143168969363764,0.011227552963864643,0.011211922244812175
0.008615394507303612,0.7551210988465047,0.008542356867052845,0.008538440095421335,0.21918270968371747
0.954315394944441,0.011543095418283932,0.011452259365725736,0.011161821432186355,0.01152742883936311
0.01002328258364538,0.010166854699471385,0.01015660468971059,0.8573915924616935,0.11226166556547915
0.014640819903928017,0.014782928224820429,0.9411894306925132,0.014797890790727863,0.014588930388010407
0.009747358292449129,0.96121896613787,0.00970820325259439,0.009621320151934832,0.009704152165151858
0.008269104320136215,0.008197907110647301,0.9671695181205929,0.008119606885860256,0.008243863562763258
0.3739678050820057,0.3672293912239619,0.23364640569869066,0.012584778133828852,0.012571619861512864
0.013686614695192707,0.7521055266026854,0.013503305574933972,0.013470393104762,0.2072341600224261
0.3382582617209123,0.004403331855756116,0.2876762610453536,0.004338836350806989,0.365323309027171
0.8790839937625077,0.01193324481659754,0.011987879457329959,0.08502714803229369,0.011967733931271296
0.012893053305800106,0.012833461809899617,0.948836610557399,0.012831055204163559,0.012605819122737703
0.012984256175868158,0.9483757603669984,0.013006701799663498,0.01269500866254705,0.012938272994922895
0.9487569353232886,0.013018928257997421,0.012930207999149236,0.012643714883110464,0.012650213536454099
0.9461172775735056,0.013489089265618275,0.013598786664561532,0.013368911193974025,0.01342593530234053
0.9548715965511773,0.01129427715786484,0.011323998830788278,0.011250346115482751,0.011259781344686939
0.9593464234326092,0.01011792493282733,0.010241988900724046,0.010136075637841134,0.010157587095998219
0.9614037430216579,0.00960996643710273,0.009803910497277087,0.00955640711976477,0.009625972924197593
0.4979511432875365,0.3563447289168652,0.010133221458393316,0.12543300063017881,0.01013790570702608
0.406731585864977,0.0021074923860927093,0.0020757709001431607,0.4471957542187168,0.14188939663007039
0.9518136543588939,0.012196825209537738,0.012164822509418496,0.011917969559854198,0.011906728362295702
0.9569318221843314,0.010857090443490387,0.010708780956401917,0.010834993803363745,0.010667312612412657
0.7232906677824498,0.012115055714776755,0.2408428604787389,0.011921245058690353,0.011830170965344246
0.952072161751646,0.012122219444346676,0.011987766171752491,0.011882961209760684,0.011934891422494032
0.9591159402976637,0.010375735008875214,0.010164103120007805,0.010161537190923386,0.010182684382530097
0.6116329083155299,0.21034002528002055,0.012844452094398516,0.013165321249179816,0.15201729306087128
0.0136628535994238,0.9451424281898072,0.013704270077817307,0.013648084429907455,0.013842363703044218
0.12356396202865794,0.6593019924692951,0.2007653354071218,0.008115445690200373,0.00825326440472489
0.5412376155320778,0.009407126432435695,0.009180041200849715,0.009264806286070426,0.43091041054856644
0.00856852459358708,0.5236361977577467,0.3620788537743739,0.09717803735564993,0.008538386518642312
0.9494213686826358,0.01268497121209051,0.012752974625000392,0.012558326115146266,0.012582359365126854
0.008574512634793027,0.7614901630209514,0.09769412264066507,0.12382969777761023,0.00841150392598047
0.0014683494035528345,0.2302642375848375,0.2531066050303455,0.0014564987135050307,0.513704309267759
0.9490230422226571,0.012936388383728507,0.012670356635849431,0.012759027500019924,0.012611185257744881
0.005858669444730397,0.42001076282296473,0.0058553899333277344,0.5624925099307968,0.0057826678681803115
0.7877335917497135,0.012820015601398251,0.17417393633565367,0.012588401571151799,0.012684054742082783
0.9780921334618452,0.0055335913568821254,0.005465328829422628,0.00549284986990095,0.005416096481949263
0.3492803251375388,0.3164293942853605,0.32118003215160484,0.00657369596170619,0.0065365524637896405
0.7722955806916159,0.2072131523336036,0.006875317853635911,0.006726611253331846,0.006889337867812893
0.017235764011285196,0.017027825736408236,0.932149470724712,0.016820461241849296,0.016766478285745245
0.3993188516115316,0.5538587453808469,0.015715350274539647,0.01561469564333724,0.015492357089744632
0.9546809570517679,0.011419630426817306,0.011446712258617344,0.011281817421768018,0.011170882841029253
0.6854253368829534,0.28417554625249114,0.010142975432306278,0.010131944336985978,0.01012419709526321
0.9548641759510783,0.01144273818254543,0.01131741638367239,0.01114688602088887,0.011228783461815208
0.9457760163727568,0.013796158387563458,0.013479058219316055,0.013552005384814093,0.01339676163554954
0.0024650476770466646,0.598803341354269,0.0024410676926772583,0.0596773506538173,0.33661319262218975
0.945697511119511,0.01369805118400785,0.013628725150314618,0.013533510152168091,0.01344220239399842
0.4986971979992402,0.22874718478379275,0.007037934995562934,0.007072413211856553,0.2584452690095475
0.017097874705326203,0.7889353837346208,0.016822392920033624,0.16013359995796794,0.017010748682051394
0.31479157723968537,0.3864192767417213,0.2734521122137938,0.012687137073379883,0.012649896731419743
0.9457620201446261,0.01369027070884049,0.013617932097607127,0.013413213617631663,0.013516563431294695
0.7390778106857847,0.22030534376659142,0.013714941878240818,0.013394872464086077,0.013507031205297008
0.9453980755092182,0.013778902629882859,0.013647851459774788,0.013538584758597321,0.013636585642526778
0.9495535789949598,0.012690907389538302,0.012621287714169507,0.012572733410439952,0.012561492490892303
0.5045491817530199,0.46784827729105055,0.009313825932213086,0.009134215073731699,0.009154499949984731
0.0098439867153591,0.24092010367558833,0.009602781561681966,0.7300627260381701,0.009570402009200434
0.775702422162092,0.0050825590294665225,0.005167486792998325,0.20894144281804947,0.005106089197393711
0.6377753402228309,0.3431116852881664,0.006407683331105278,0.006368483228661681,0.006336807929235856
0.01581562891789613,0.015857946658346146,0.6716201315397442,0.015677946723588423,0.28102834616042505
0.0137244086076908,0.726770152791455,0.2325411047036735,0.013441691070677126,0.013522642826503662
0.4048119760464694,0.006884221726579996,0.006779020129888863,0.3519533334939716,0.2295714486030901
0.34888547740808296,0.6005370413655843,0.017092023360530884,0.016734753191961677,0.016750704673840162
0.05600896720666339,0.6022487299674603,0.0017065641588639498,0.0017266873998457487,0.33830905126716676
0.568994770209284,0.010153747678357151,0.40063196930677564,0.010114864518427283,0.01010464828715586
0.004265507685402473,0.3425380803155814,0.11509751652314962,0.5338816213937309,0.00421727408213553
0.2587300920951956,0.22387745610548887,0.0047714277624560245,0.2911254608193235,0.2214955632175361
0.2893759927221227,0.011381978836784707,0.6766184559426924,0.011328809022025254,0.01129476347637502
0.9570021087041664,0.010841427669432819,0.01098628493317203,0.010573665788948614,0.010596512904280382
0.002192636857046724,0.1506361452044272,0.002204321535506161,0.8427713279755406,0.0021955684274794665
0.39788113509000483,0.28145749127244196,0.012797974888630305,0.29528015740813107,0.012583241340791812
0.9421747949115387,0.014695755388200652,0.014436252913788064,0.014354131976859572,0.01433906480961305
0.7596703528037531,0.007044774748217702,0.0070101850177895,0.007015254201566393,0.21925943322867325
0.36017654721991826,0.4650438714965597,0.012311985320250303,0.1505660679781342,0.011901527985137654
0.0035178695579643,0.2014013649959918,0.003496626439907149,0.7171171624636978,0.07446697654243889
0.00894899789567589,0.5577387002091059,0.3212253851507026,0.10310548909101952,0.008981427653496165
0.9572147354010482,0.01077517845516292,0.010756247561984256,0.010621203482253084,0.01063263509955139
0.9591895548814054,0.010225422225650493,0.010148515809326953,0.010194241478736498,0.010242265604880375
0.013790854009501124,0.9456119587381204,0.013607396469648751,0.013501797862368718,0.013487992920360953
0.36572657684249793,0.012169610121011818,0.011910723418219447,0.5982206092965241,0.011972480321746852
0.30764550368653326,0.010861607930280015,0.3231206774179409,0.010657167957589697,0.34771504300765604
0.6870220800793817,0.012089723687572823,0.012147126047183463,0.2767613506151385,0.01197971957072348
0.013825625123282621,0.19107326592022525,0.013632424270096864,0.7679805333692596,0.013488151317135624
0.30533408994393235,0.018678046445287623,0.01836562002337536,0.6391481534140088,0.018474090173395775
0.5855488201081335,0.007350887483760722,0.39262276332768054,0.007255730644351382,0.007221798436073935
0.00790849144483002,0.6885612715456592,0.007828966665760011,0.28792754515190083,0.0077737251918500614
0.6410081656443121,0.010297436657636643,0.0102979237171388,0.01015143600749386,0.32824503797341853
0.7554620201330662,0.011473155472966427,0.011463119358254963,0.01145564181760899,0.21014606321810334
0.35122785462219386,0.3567788215035855,0.011938051144248263,0.26809272162921954,0.011962551100752889
0.012059251305390317,0.5882734516638636,0.37579934021745354,0.011849665828731709,0.01201829098456108
0.9545623720756501,0.011331471032315469,0.011305748352124681,0.011178503026555774,0.011621905513354045
0.9461307974530947,0.013497395215555192,0.0134199167087634,0.013468176813368832,0.013483713809217982
0.9544626781442017,0.011543361644124788,0.01126575911003957,0.011374417345863759,0.011353783755770138
0.9420496597942223,0.014519935540422094,0.014559716019006701,0.014491357061879968,0.014379331584469118
0.36690714274846437,0.15779215829029875,0.44589907387887223,0.014901192315226127,0.01450043276713849
0.9522011641003952,0.01205175237896728,0.011955852395357833,0.011912859654943505,0.011878371470336303
0.8383545180376198,0.010704274540301194,0.12955938928911348,0.010788310276265105,0.010593507856700388
0.8356224543790447,0.010735150466902696,0.01078545313446712,0.01083893822427592,0.13201800379530942
0.9516155321724891,0.012073113515944091,0.012190799066916792,0.011959066563374796,0.012161488681275546
0.9418216760345481,0.014593435564976455,0.014532718414403407,0.014539720833763118,0.014512449152308754
0.9514445851159546,0.011961300830597488,0.012187984817449041,0.012374954717377044,0.012031174518621962
0.008787999020641939,0.008945049838819141,0.008720720222112996,0.00880269920125537,0.9647435317171705
0.01865212316952759,0.9261056881194691,0.01848420922564125,0.01837695821048871,0.018381021274873545
0.859265520313499,0.012798289123789941,0.012642446180110744,0.10226876036719061,0.013024984015409774
0.5603979750395045,0.01287578582521896,0.4010469719511229,0.012644148179958651,0.013035119004195083
0.9589211513828272,0.010281804805120177,0.010123314601507245,0.010142594304261645,0.01053113490628369
0.8034786130341831,0.012004565762435391,0.011898192672476904,0.012018327519409691,0.16060030101149497
0.5235189390970572,0.009385968174572643,0.009287993588612565,0.009249198828760814,0.4485579003109968
0.8846219833203479,0.012738080556611582,0.01283960791172316,0.07707085193745832,0.01272947627385916
0.013779769394699113,0.8627894678950284,0.013830302124891215,0.09593303590339344,0.01366742468198782
0.9522315536712397,0.012046996608163512,0.012011066496603884,0.011854071093010047,0.011856312130983022
0.9453810581569426,0.013798530129927298,0.013483517722118026,0.013574870896506483,0.01376202309450549
0.9421813210887646,0.014492446501332313,0.014427336463658066,0.01441235908945758,0.01448653685678744
0.3670886640517937,0.008467270287309966,0.008420068637802541,0.3769272618708635,0.23909673515223023
0.7855114248330407,0.010155262536473442,0.010163408518192482,0.010227165879125876,0.18394273823316745
0.9378284842567841,0.01563775012250133,0.015511916182688412,0.015490289962225215,0.015531559475800833
0.9547884963746767,0.01130578466935009,0.011331714361637792,0.011324303817904112,0.01124970077643141
0.93763493517027,0.015629522499694123,0.01570366745912355,0.015507957424917505,0.015523917445994769
0.9460710844693729,0.013555919226670042,0.013485618035209519,0.01343267874924799,0.013454699519499607
0.6830523219575197,0.012715226555062412,0.012736380722550235,0.27861738591328183,0.012878684851585834
0.9455607579318239,0.013576528098757873,0.013482147415957895,0.013474004293920767,0.01390656225953947
0.9520535011232412,0.011946321379672583,0.011929616321777987,0.011870885058979288,0.01219967611632911
0.7690481722647138,0.19701065094681255,0.011414338406119552,0.01126394643891896,0.011262891943435122
0.685523250720239,0.012824722241959479,0.27653495556987906,0.012547292235581315,0.012569779232341156
0.9459794888078161,0.013512063095133602,0.013654461619403665,0.013393543464979363,0.013460443012667307
0.7178526876651268,0.24119202501250656,0.013750337856094197,0.013471629094323045,0.013733320371949425
0.49764297282448977,0.2963323136139885,0.18547374185451568,0.010110563629201335,0.010440408077804664
0.013735171559485502,0.8345447947215701,0.013607601316505678,0.12471050270400381,0.013401929698435
0.7822344569799864,0.011977705282459807,0.011957194779604713,0.011868855783208367,0.1819617871747406
0.9628881963728194,0.009339180275541677,0.009214695284646877,0.009164165802892121,0.009393762264099942
0.9747882585913972,0.006203376056909764,0.006198002285381595,0.006483059800686077,0.006327303265625321
0.9421394379291843,0.014498333431780195,0.0144418725195909,0.014391020360669107,0.014529335758775404
0.9494489154395249,0.012668490951093559,0.012627071511042738,0.012602774194902105,0.012652747903436656
0.9588534672851922,0.010256416059598922,0.010213160261762768,0.010598572037324148,0.01007838435612191
0.7168056219436123,0.00975806672532512,0.009721064217609914,0.00962204733770457,0.25409319977574807
0.9661255254682412,0.008512670017968975,0.008497424642640238,0.008446869298773467,0.008417510572376007
0.6128079931074566,0.015747742978449723,0.1365702514175901,0.015845386336974646,0.21902862615952884
0.9546465909136296,0.011326371072017581,0.011291205677673026,0.011501582143824917,0.011234250192854818
0.9484540352845313,0.01282037785567703,0.012822181806835094,0.012761253369487354,0.013142151683469164
0.9421923339004257,0.01449680232643771,0.014532418664897536,0.014387765254569454,0.014390679853669727
0.9459337716838385,0.013541502782374511,0.013559757054885544,0.013467745505857113,0.013497222973044242
0.7204828959415821,0.01589394466752068,0.01602987232594191,0.015698182439461018,0.23189510462549429
0.9489153522246153,0.01277680347525391,0.012662418765496595,0.012650864118584869,0.012994561416049315
0.9367166509474371,0.015993205188725282,0.01586023565178862,0.015505097559575768,0.01592481065247328
0.9458646065854895,0.013565934406616385,0.013581894661928426,0.013522555261431009,0.013465009084534626
0.9460411762214206,0.013564072990236986,0.01350848265080857,0.013487742505580502,0.013398525631953272
0.9523768434813872,0.011941932130934184,0.011885161694568297,0.011877566644703696,0.011918496048406668
0.5686492083574979,0.010790760568445868,0.39868728540771353,0.010895470601513541,0.010977275064828944
0.9369937791902828,0.01584049810329713,0.015933725701123384,0.015529969517552861,0.01570202748774364
0.6641411487204654,0.01455598071537861,0.01445113252306981,0.014428345032700324,0.29242339300838593
0.9610854556562951,0.009753694608449872,0.009707692334614222,0.009716336018264209,0.009736821382376536
0.9456901031675244,0.01358097398228439,0.013488367736720653,0.01372070622964627,0.013519848883824315
0.9456737651379602,0.013786193905544803,0.01367084313017638,0.013422098233501203,0.013447099592817481
0.29318826676817467,0.1757369852569756,0.003806248287331549,0.3094295623328759,0.21783893735464221
0.954604553133721,0.011240242249963868,0.01127646343340852,0.011332607356642014,0.011546133826264477
0.8278490512329344,0.012758866973099204,0.012666842445047552,0.012618869182035803,0.13410637016688298
0.2721140015737764,0.012650779046186306,0.6893236712944003,0.013133315760313442,0.012778232325323616
0.94011397445026,0.015396212270916223,0.014756281388488434,0.014549188708645775,0.015184343181689654
0.011505747233099663,0.011491832856637452,0.9544009407530177,0.011433643323148208,0.011167835834097126
0.6345964327541037,0.3293102137999067,0.012090677931399573,0.011925560322141213,0.012077115192448631
0.9687817934750739,0.007887088037601454,0.007784059540412517,0.007812399390291256,0.0077346595566208905
0.9518911966049202,0.012031528181260714,0.012120058401761514,0.011968557863527183,0.011988658948530328
0.3578534738258263,0.014569395394590894,0.014580347742005449,0.1996918213191284,0.41330496171844905
0.9460639069359303,0.013455035879216962,0.013600356181040985,0.01339588140037638,0.013484819603435323
0.9516174702152654,0.01202197532198938,0.011941184901130943,0.012069482791682386,0.012349886769931828
0.9424002782403665,0.014463001935946329,0.014396133988714581,0.014365663779972854,0.014374922054999618
0.9548010486314749,0.011352568601939471,0.011327366570047672,0.011204315321624426,0.011314700874913612
0.9453935701142441,0.013689565375945735,0.01369343098137859,0.013604134302858192,0.013619299225573433
0.9517555275175343,0.012096999518946822,0.012156098989525532,0.011911369626818165,0.012080004347175185
0.6084242650796023,0.010146267466697577,0.20246169005226097,0.010048412111071105,0.16891936529036808
0.01716574440716811,0.016882167208367202,0.9322825385013263,0.0167604112108598,0.01690913867227862
0.9415712716953414,0.014612956644890918,0.01445898056251395,0.014460490141827282,0.014896300955426468
0.9453442428364989,0.013515881684789937,0.013486322660966128,0.01343550232094455,0.014218050496800515
0.012816151934064796,0.9490943494112359,0.012654597898817035,0.012598908679517186,0.012835992076365
0.9491961624739262,0.012830748243646568,0.012727987221987449,0.012629766965015953,0.0126153350954239
0.659432557701399,0.011427329955216295,0.01125229422354607,0.01129135635857412,0.30659646176126465
0.012888758795357355,0.948838487105202,0.012745129716404825,0.012622119884669691,0.012905504498366041
0.013693104478332649,0.9456507799965429,0.013595892791771749,0.013587052189175589,0.013473170544177217
0.9370524271209686,0.015876450502850067,0.015796238929512315,0.015592640239371715,0.015682243207297254
0.013711643187198313,0.0138779660996019,0.9455209671530057,0.013456537967867995,0.013432885592326034
0.9490204592747307,0.012699832334374486,0.01269681653472035,0.012867710291026109,0.01271518156514856
0.6007131395506361,0.2097716700183188,0.017161155146799376,0.017240476376859215,0.15511355890738632
0.5337224861271656,0.01148453673967477,0.29621646098557347,0.011161523425664644,0.1474149927219216
0.9490982350579443,0.012768638776888903,0.01286179490830423,0.012618511391668138,0.012652819865194304
0.6713086860547477,0.01379098355929991,0.2879659762510579,0.013450986758025021,0.013483367376869579
0.5968659370385014,0.007873766622528628,0.007867578430786167,0.007898803267535462,0.37949391464064847
0.5086003707719858,0.3195773077965657,0.14483835286200003,0.013444288096225417,0.0135396804732231
0.5994981661070897,0.01299115055134486,0.3618330209485675,0.012947910977488411,0.012729751415509572
0.9415003254993091,0.014495280890822642,0.014602136196542539,0.014775751969422997,0.01462650544390289
0.9454263247661469,0.013700831083556641,0.013717534145870364,0.013660804943127828,0.013494505061298314
0.9416470126251335,0.01456724875684045,0.014544309423652733,0.014857289661683502,0.014384139532689803
0.06969890353202253,0.6790763684420582,0.13331262619411352,0.11646481924774099,0.0014472825840646322
0.2477091145083268,0.6969648385093815,0.018661529855060817,0.01823182449389753,0.018432692633333303
0.9417374526801927,0.014652697751611116,0.01475345544277411,0.014446576129248098,0.014409817996173958
0.8414572906787758,0.013584392174917269,0.013480439236209747,0.11806352052787823,0.013414357382219059
0.012088981979498445,0.9523674809018862,0.01190026014879328,0.011823776779821214,0.01181950019000097
0.20353014425160296,0.7584661626575186,0.01280904297055521,0.01255872935239376,0.012635920767929422
0.012180670946663794,0.7709523093458658,0.19277211862547972,0.012201366407007634,0.011893534674983023
0.9420110599752866,0.014533578267126028,0.014543768157302378,0.014552919967650105,0.014358673632634962
0.32774833662401753,0.6446306701432025,0.009237174007868339,0.009163599798260523,0.009220219426651048
0.010803686995966446,0.4002187996326081,0.010860318793828184,0.010651165153681976,0.5674660294239153
0.013724999909906095,0.945639246771067,0.013786816113212703,0.013362839428900446,0.013486097776913685
0.010166576356923036,0.9592137478027268,0.01012122710289144,0.010141005701697023,0.010357443035761601
0.010286221439112926,0.9593144070032674,0.010227592467778367,0.010093025776598727,0.010078753313242582
0.94206805097902,0.014582936756491225,0.014597208797035343,0.01438066923235403,0.014371134235099357
0.9258740635652574,0.0186640384916252,0.01854359531150016,0.018544200407332966,0.018374102224284355
0.0822992332679271,0.3452988409760396,0.006754903950426043,0.22056554780268325,0.345081474002924
0.012940354112197456,0.9489872965679916,0.012850327411247685,0.012576939373085615,0.012645082535477602
0.19197034958063788,0.4154513396363751,0.19148308342312223,0.19786354612133605,0.00323168123852869
0.46235601123045467,0.501550595332969,0.011966265816958052,0.011874396162469481,0.012252731457148853
0.334556441167005,0.335431934188195,0.003352047732376657,0.1452307526417544,0.18142882427066895
0.0802216532194333,0.6785133593241182,0.09618129600148848,0.142532454967798,0.00255123648716205
0.02940828444888312,0.8838280437890141,0.02914645549966569,0.028807084811669346,0.028810131450767558
0.0030387660714538255,0.7786495005634654,0.060850689523642934,0.12558228101625826,0.03187876282517943
0.20259624629082315,0.3024395736961859,0.4722939716239836,0.01138578904576073,0.011284419343246577
0.44315969833982366,0.5010055616713399,0.018406079351880173,0.01888009842861212,0.018548562208344097
0.6094840964700512,0.013825847064820767,0.34991617446211104,0.01339692563163408,0.013376956371382845
0.01372027112055931,0.16002167930856825,0.7993529904538781,0.01342159732061531,0.01348346179637912
0.3144025709452202,0.38252114564384354,0.0063660933638464345,0.29028730863434377,0.006422881412746047
0.40868115948140893,0.5296372755896777,0.021188421218509237,0.020184300328775474,0.02030884338162847
0.9317011050345413,0.01708821008397395,0.017012851614379966,0.017071155349613707,0.01712667791749113
0.00538818060479097,0.5676392738333336,0.25405319321168685,0.16751448169874453,0.005404870651444256
0.3211621539149111,0.011991363912261542,0.012170447147285041,0.011830085746149337,0.642845949279393
0.009332823480626652,0.6919192081365292,0.2799818875541007,0.009235283707180549,0.00953079712156285
0.17498232803549232,0.4359530644641204,0.13904378873260653,0.10232710762542167,0.14769371114235896
0.002561530099058505,0.762898413101427,0.0025487059181793083,0.0025197063589966055,0.22947164452233867
0.006808826018204364,0.44005375321101653,0.23308369399854237,0.006731974689589805,0.31332175208264695
0.941868943367603,0.014724454077017717,0.01450163301716413,0.01446638096595838,0.014438588572256807
0.029087985379620415,0.8847900836990946,0.028770647155691782,0.0286306840471251,0.028720599718468024
0.270209198901641,0.48494698254013585,0.23606272128193417,0.004391339607061396,0.0043897576692275885
0.03422592145276295,0.8652268642518541,0.03365249371390119,0.03338272183181021,0.03351199874967163
0.004271479910080017,0.813964483063398,0.004251197839237231,0.17325072416236068,0.004262115024924293
0.7204263024406052,0.23285209704869386,0.015649786418265213,0.015418475083439022,0.01565333900899656
0.022650531993080824,0.9101408439718266,0.022370914961796055,0.022395328596257057,0.022442380477039545
0.016998021204551215,0.932653050405435,0.01689243196635299,0.016737916691785815,0.016718579731875034
0.4512148059970472,0.47347755365667976,0.025170527943588244,0.02509376815435504,0.025043344248329654
0.39278897680292657,0.5522066730341172,0.018434010386952426,0.01827147403366597,0.018298865742337838
0.9459283402806108,0.013691469027887636,0.01360991955486902,0.013382215681663335,0.013388055454969213
0.0031460707836250676,0.43439611783537324,0.003122890023664995,0.5561643972722368,0.00317052408509993
0.005445728108919307,0.9784279379470501,0.005439749703610546,0.005318083518790936,0.005368500721629259
0.015668212481211558,0.4465728228969143,0.506332825447501,0.01550713843449876,0.015919000739874484
0.012827420714282143,0.3547547709961807,0.012728151674704867,0.012584422019208995,0.6071052345956233
0.01125662337502923,0.6148189487168233,0.01124177952048742,0.011466212239016841,0.35121643614864323
0.01581422856625716,0.5125589156295117,0.01558277543047375,0.015594681418516474,0.4404493989552409
0.9547983779112958,0.011420099911351582,0.011411574919292452,0.01118576712517751,0.011184180132882535
0.7516730241238018,0.21643162659634124,0.010661174556462422,0.010669060954376685,0.010565113769017722
0.9324883462773658,0.017014474586267335,0.0169140179043231,0.016770697833780913,0.016812463398263068
0.6144986357942853,0.3448528761721237,0.013723415030131756,0.01348380891239594,0.013441264091063389
0.6031990734005008,0.3562289587405574,0.013687521321800414,0.013374511160344065,0.01350993537679736
0.0032433288734055083,0.8859705004217645,0.1042628627554038,0.0032381526300584275,0.0032851553193676956
0.014675762333375461,0.9416441678972605,0.014752873615315779,0.01436570665889969,0.014561489495148535
0.012142964744143505,0.9522596925745938,0.011915424871007205,0.011801247257364672,0.011880670552890549
0.012035430402108006,0.7166015967122746,0.1471121055406841,0.1124177765044727,0.011833090840460324
0.23008894470679536,0.3511439865267368,0.007357046479961,0.007318137594653257,0.4040918846918534
0.015772124575177453,0.9374574655192326,0.01566033234897659,0.015505433237736716,0.015604644318876721
0.7359967245452068,0.22843017284985087,0.011944275550856908,0.011799140619769574,0.011829686434316
0.011421787342871616,0.6645549095624592,0.011433751211967358,0.3012523350554515,0.011337216827250356
0.010802622626735231,0.9565271638401979,0.011086410589549402,0.01083556621179239,0.010748236731725052
0.012889215503599801,0.9488416793897806,0.012999515921256057,0.012594695693335753,0.012674893492027706
0.010835600693075006,0.849823303226969,0.010928745843886515,0.01061928752982979,0.11779306270623963
0.014555630676109923,0.9423070592036142,0.014459661576810334,0.014337321400726535,0.014340327142739065
0.7008257663712505,0.2526873795661724,0.015528956135673637,0.015490990909290831,0.015466907017612753
0.9457358160367737,0.01376507442312937,0.013574012155803467,0.013425423786500055,0.01349967359779328
0.41362978196800415,0.5584058312585384,0.009501612889196528,0.009221349404895236,0.009241424479365764
0.007553488076310847,0.9699454053805393,0.007480301566614558,0.007500855156358715,0.007519949820176458
0.32486424884600584,0.6472126304922959,0.009291172635128409,0.009349192164759627,0.00928275586181022
0.00601403982545231,0.2634861873651539,0.2184959432853535,0.006072775378400457,0.50593105414564
0.013784422418351422,0.945408954342419,0.013642635513684056,0.013623560303423873,0.013540427422121628
0.25018823655563527,0.7308125315365178,0.0063489767235516935,0.00633467151862532,0.006315583665669884
0.4172658764927232,0.5360130104553867,0.015688497381683892,0.015507131161603514,0.015525484508602689
0.00966139713388552,0.46182372082448053,0.5092613759832582,0.00961195326828446,0.009641552790091214
0.011532372016335588,0.9545938565344986,0.011356458006107056,0.011264479767104043,0.01125283367595475
0.012809645664783511,0.9491166832446206,0.012746644249128638,0.01265957908860585,0.012667447752861525
0.11891414267147742,0.8489036803868114,0.010841034189204643,0.01067870383847586,0.010662438914030826
0.017064269638300374,0.9327628046569723,0.016753636825065376,0.01669111176000362,0.01672817711965843
0.011432394997662213,0.3675625368125582,0.5986006447256008,0.011200403369803559,0.01120402009437525
0.009722800887002486,0.8456477019255629,0.12521811638756689,0.00966509978572838,0.009746281014139224
0.2789344431063876,0.6743611336852855,0.015654293853722235,0.015506193795782353,0.015543935558822213
0.24428822309497428,0.7253058433268313,0.010211269550436393,0.010112776568365548,0.010081887459392615
0.3648914999209644,0.013872018984966945,0.5942924208010635,0.013366475491845655,0.013577584801159519
0.0127112668520063,0.539783048127898,0.012677961800632336,0.012646803081099615,0.4221809201383637
0.94187055412777,0.01460015280665705,0.014810159600675797,0.014338922263910394,0.014380211200986705
0.2962924345954173,0.6782329571477109,0.008452896048887049,0.008548126035105399,0.008473586172879364
0.010780315535813847,0.4935227486414787,0.010740612782589531,0.010652201892286436,0.47430412114783155
0.007896219912776017,0.2504651602902592,0.725941792366674,0.00789484311250173,0.007801984317789183
0.3588523154485354,0.2575470109210835,0.009356349918290341,0.3650459624593609,0.009198361252729865
0.005165847547743402,0.6151613298186589,0.36937133137109157,0.005120690593764639,0.005180800668741464
0.31214479277412166,0.399271269491846,0.013450285288719619,0.2616381083882332,0.013495544057079496
0.2511748259653458,0.541113123829499,0.06378775618356089,0.0023189972408257553,0.14160529678076839
0.4473497317435137,0.5282674453641503,0.008098616225240194,0.008214163315508212,0.008070043351587692
0.5606814319436243,0.01128043221383179,0.011336828132399158,0.011252776526136599,0.40544853118400825
0.013691226824947571,0.013794431581376075,0.013614012193309676,0.013861938703317266,0.9450383906970494
0.012888622570961236,0.012854844069731705,0.9485628533193761,0.012968717488291148,0.012724962551639907
0.2119044275069378,0.32934967881620825,0.014560013754974793,0.014816063141516489,0.4293698167803627
0.8291860048508785,0.014781820880594274,0.014596293796116688,0.014405568575442193,0.1270303118969684
0.285004307363371,0.6685372152814454,0.015515045291839646,0.01545415207621434,0.015489279987129526
0.44071328737752485,0.0037094645115243827,0.05123008186107193,0.5006278905640938,0.003719275685785122
0.2357186758848113,0.006829746492654825,0.006769331035413036,0.7439618527015344,0.006720393885586485
0.1847458147933245,0.1649773654506086,0.29166024781891814,0.013457768508375097,0.34515880342877364
0.5357562256119546,0.007887338522949374,0.007823306002424753,0.007904370150710858,0.4406287597119603
0.0485276787123183,0.007329503988245851,0.00726010639991386,0.9295543626423828,0.007328348257139274
0.46076070829609744,0.0038538863413191448,0.0038122883220380183,0.5277198271525698,0.0038532898879754594
0.06931463320831675,0.06678439876945491,0.0666669812831681,0.3805950161647706,0.4166389705742896
0.012187922380239429,0.012200184972591439,0.011997595677592782,0.12059383179569332,0.8430204651738831
0.2999021339081103,0.006530111813139548,0.006602356391421724,0.35868672897186343,0.3282786689154649
0.8531131615059941,0.004013125351027527,0.004019752619299202,0.13484867151240823,0.0040052890112709984
0.013448902780622763,0.013505323366441934,0.013530167436561286,0.9457433357168311,0.013772270699543008
0.01146379706702872,0.16649206469574143,0.011261007733806632,0.2981726936736337,0.5126104368297895
0.01469503662244503,0.014660761430074129,0.7837945020762207,0.014741314401783768,0.1721083854694765
0.011341848522231095,0.01124433421325008,0.011211122613188141,0.8344083136954419,0.13179438095588877
0.9375525570642071,0.015575630469833405,0.01557992903127537,0.01562079541446081,0.015671088020223316
0.6178103853887953,0.007518884642840729,0.00754026125696299,0.007490337545974444,0.35964013116542654
0.4439293977332153,0.0113034948096658,0.01126631423737329,0.5220825890127894,0.011418204206956235
0.7881942053221885,0.012741238494844613,0.01290272174678686,0.013017051785112319,0.17314478265106775
0.05003564726743306,0.050015719288335585,0.05004025968528391,0.7997972480202632,0.05011112573868418
0.6893203180328944,0.010794031550518838,0.010799360829372273,0.010639685812159197,0.2784466037750553
0.9322691508890852,0.016873878605046022,0.017037429974936853,0.016880114518728565,0.01693942601220322
0.0030114351927185107,0.003034329890452075,0.19590554821437742,0.7950626602673146,0.0029860264351374574
0.007835941736724292,0.007851465764330243,0.007786374843613824,0.9687568060792927,0.007769411576038947
0.46487550439048236,0.010681147891203923,0.010725527022392028,0.36582217809679846,0.14789564259912338
0.01870377694238569,0.018801582010481828,0.018750286701969824,0.9252788973423528,0.01846545700280982
0.28925982322229243,0.003526124542267527,0.003546731979869264,0.7001234412605241,0.0035438789950468347
0.010871757061845379,0.010844440014175725,0.23379455432367377,0.7337886961456039,0.010700552454701114
0.6659898319755355,0.01459886443860911,0.014480648436926612,0.1634056080088229,0.14152504714010575
0.5949319848193495,0.007251964094679138,0.18158619989276417,0.007316442474656613,0.20891340871855044
0.010267016437597634,0.4065890726979801,0.010292830041090745,0.01023200778412452,0.562619073039207
0.357252528397828,0.012824986928330236,0.012678814378119938,0.012687238985719364,0.6045564313100024
0.012110032933677739,0.012052343696894114,0.012007886718335373,0.168422318539514,0.7954074181115787
0.017272636350156686,0.6828058732219867,0.017547433131603854,0.2651290018041928,0.017245055492059902
0.014402460467037503,0.014429958204185706,0.014346958693371523,0.9419098479064273,0.014910774728978001
0.10017657519426273,0.10089639119855329,0.10081571133107738,0.10212555685756644,0.5959857654185402
0.012153254337345971,0.01207393509376657,0.6195160293774321,0.01201107788418863,0.34424570330726684
0.011560623252577633,0.011636853333369135,0.011401494207985408,0.7582340202272215,0.2071670089788463
0.7006444022658442,0.008463324100198824,0.008415984141593256,0.12387790140297915,0.15859838808938453
0.8096727263625257,0.017163540661807572,0.01702470076852631,0.01761382057123192,0.1385252116359086
0.009323240134305594,0.009189940234717966,0.009192139527716449,0.528583763356759,0.44371091674650087
0.5501151249806034,0.41389393020301707,0.011987661756738108,0.012026090592011806,0.011977192467629566
0.9594749616040849,0.010102209075985927,0.010155829680357041,0.010115623080892122,0.010151376558680156
0.06798060703011968,0.0673388227808053,0.06681732446304418,0.7309983376057526,0.0668649081202782
0.015566734833027817,0.015489760289763592,0.015489383092676395,0.5929120224030254,0.3605420993815068
0.4011408526442307,0.29321470724294457,0.015769544482260072,0.015658862082265516,0.27421603354829915
0.010720265606117387,0.010640038528387694,0.010627948907886216,0.3526108914395172,0.6154008555180915
0.010621803860606327,0.01062010096453792,0.010618251191414008,0.9573865499403152,0.010753294043126542
0.013828777717503215,0.013572118617014654,0.013528316439816024,0.013685240076122493,0.9453855471495436
0.8116243610406688,0.010666491677326554,0.010791948427558632,0.15627135276882315,0.010645846085622714
0.2570369718494503,0.47003949411463086,0.014579800152811299,0.24383045248033255,0.014513281402774992
0.5540901492906642,0.012028653518526352,0.012082201628772762,0.1920049748089954,0.2297940207530413
0.007594752271659243,0.2346846965091963,0.007489957641750735,0.7427650744980206,0.007465519079373155
0.8165411497341792,0.010217892267094318,0.01033776611152734,0.1526303756849449,0.010272816202254153
0.5173451289811979,0.013474995859737193,0.1011457688506296,0.013473976928352525,0.35456012938008274
0.279465967279298,0.0037221414133329312,0.0036653874470585733,0.05784046299960003,0.6553060408607104
0.44246142709706954,0.0087969816683216,0.008821545781432441,0.23184281046969862,0.30807723498347794
0.009192676245776328,0.29203485593789474,0.00925499646555454,0.6803794755333954,0.009137995817379042
0.54885972520151,0.003267622185331684,0.003267225169506854,0.3183210624062344,0.12628436503741694
0.642855657417906,0.012696658776417676,0.31873605552645123,0.012926285496713328,0.012785342782511854
0.18048970334555048,0.5092128662235111,0.01194985850249861,0.01225145368865561,0.28609611823978415
0.10381560233642012,0.00881804167822629,0.008751043477194234,0.7553315650713229,0.12328374743683652
0.595778671908323,0.10174628396420081,0.10145397489935358,0.10021799504794433,0.10080307418017817
0.01125367966139615,0.010664404280752398,0.010587880047076833,0.9014650663661717,0.06602896964460298
0.4620435734240381,0.22352690340569498,0.010736229103356032,0.010653352080006668,0.29303994198690414
0.9643998979266392,0.008869319036209827,0.00886997921546121,0.009004637043589244,0.008856166778100439
0.4870511495069718,0.0026605662015952085,0.0026195572907753107,0.0026661995246347638,0.5050025274760229
0.31481049109735443,0.01594984627691126,0.015516077242437499,0.6379439049603528,0.015779680422944108
0.9515085708968231,0.0122921222286653,0.012229667452821804,0.012019246722919567,0.011950392698770252
0.01584716454148242,0.3401719771247274,0.015930141910439403,0.015629903695570668,0.61242081272778
0.5656841245541061,0.001257893669399577,0.0012563310713105025,0.1940379879926438,0.23776366271253999
0.0118987152019051,0.27999838999029364,0.011989514594803198,0.6837972240407972,0.012316156172200967
0.223091922060006,0.011371008812816795,0.011179608649081834,0.5425434520413265,0.2118140084367689
0.010854300467978893,0.31515297897877936,0.5214317383858226,0.14183328244185067,0.01072769972556844
0.009666864767864549,0.009613686516704948,0.009661949043636887,0.19648169387001807,0.7745758058017755
0.2225012019051981,0.012895441023551243,0.01260735582520389,0.739480709889009,0.012515291357037715
0.010377704635953989,0.010187920361944916,0.010189120854808827,0.010187454765343457,0.9590577993819488
0.014659480193901458,0.6435160668373425,0.014456148905368782,0.014690139345364223,0.31267816471802296
0.415627369721262,0.0062653456406573296,0.2502364056742804,0.3217266944759233,0.006144184487877041
0.15089755177650518,0.009325199403578548,0.00918252841328524,0.3473224204304712,0.4832722999761597
0.007374772519797083,0.0801542907038521,0.007542701719555181,0.8975569948304701,0.00737124022632545
0.015909986357178326,0.015498949737606939,0.015505564746035228,0.9372848648189244,0.01580063434025517
0.012954147382936732,0.012708252456661134,0.4534414674219812,0.012794297201638632,0.5081018355367823
0.05759559689635581,0.00472933261146594,0.22309655555337396,0.7099543546192336,0.004624160319570674
0.010902473758103465,0.010700945441679762,0.010885801243013632,0.22071952091544664,0.7467912586417566
0.9569472825796556,0.010757753660043282,0.010787082020724361,0.010869242751382409,0.010638638988194293
0.8043777300197582,0.010758611721110546,0.010905766946995975,0.1632010972814253,0.010756794030710122
0.003407555337352344,0.09240889143296707,0.003372895722807769,0.897452797578266,0.0033578599286068524
0.040859087925736275,0.04060909373258363,0.8379486406473717,0.040422777574951246,0.04016040011935707
0.00676776872607832,0.006818091212406547,0.006858181532006552,0.13724265519810525,0.8423133033314033
